6.882674118132126040e-01,6.932201495736091124e-01,6.932201495736091124e-01,6.650412454579308630e-01,6.801774485670625259e-01,6.466122604910401472e-01,6.666824598680889391e-01,6.549299990656185511e-01,6.661113362017937467e-01,6.373091208332143376e-01,6.341116311442952513e-01,6.270450480730196396e-01,6.167718696292909808e-01,6.116443775862749899e-01,6.000402356682438265e-01,6.080738978947841655e-01,6.214743144883104753e-01,6.201875980590266790e-01,6.259263728944098881e-01,6.209328976893109253e-01,5.862316565268134161e-01,5.712237239229326358e-01,5.903053556387427570e-01,5.931773809264618835e-01,5.845242047892039716e-01,5.772625979342912439e-01,5.420901603280676717e-01,5.403771181770308241e-01,5.454187043893703457e-01,5.761657599537708396e-01,5.802896480511570143e-01,5.665731959180230204e-01,5.523087897174494554e-01,5.603946225212242949e-01,5.486023824686449002e-01,5.593537085192458180e-01,5.497523010277742816e-01,5.429560365579019221e-01,5.577054947527223527e-01,5.666647361030032748e-01,5.654614307965784015e-01,5.627355202622437158e-01,5.659883924647123310e-01,5.632348983996222636e-01,5.647498210614120273e-01,4.953473699202646241e-01,4.880420036223157565e-01,4.836440945503334699e-01,4.656529421450042450e-01,4.613284029969152433e-01,5.416498954263840870e-01,5.272862891538722119e-01,5.530247283376582557e-01,5.333588417207678622e-01,2.985064240994218521e-01,3.360985893788041579e-01,3.205690927473400786e-01,2.529415751902668319e-01,2.128456219238551717e-01,4.034122074898386368e-01,4.495962995772150861e-01,4.034122074898386368e-01,4.044936378146903877e-01,4.038273467149460783e-01,3.849138526362484991e-01,4.039479771775057459e-01,3.541154982249020144e-01,3.539857124681414779e-01,3.537742264478037080e-01,1.897727581988572498e-01,1.819254506462880949e-01,1.783921704502312577e-01,1.898021929162091170e-01,1.451091338283740928e-01,6.803356527312287572e-02,6.594737436538030372e-03,0.000000000000000000e+00,6.932201495736091124e-01
6.932201495736091124e-01,7.245887006405049569e-01,7.121238972824467384e-01,6.650412454579308630e-01,6.801774485670625259e-01,6.466122604910401472e-01,6.666824598680889391e-01,6.549299990656185511e-01,6.661113362017937467e-01,6.373091208332143376e-01,6.341116311442952513e-01,6.270450480730196396e-01,6.167718696292909808e-01,6.116443775862749899e-01,6.000402356682438265e-01,6.080738978947841655e-01,6.214743144883104753e-01,6.201875980590266790e-01,6.259263728944098881e-01,6.209328976893109253e-01,5.862316565268134161e-01,5.712237239229326358e-01,5.903053556387427570e-01,5.931773809264618835e-01,5.845242047892039716e-01,5.772625979342912439e-01,5.420901603280676717e-01,5.403771181770308241e-01,5.454187043893703457e-01,5.761657599537708396e-01,5.802896480511570143e-01,5.665731959180230204e-01,5.523087897174494554e-01,5.603946225212242949e-01,5.486023824686449002e-01,5.593537085192458180e-01,5.497523010277742816e-01,5.429560365579019221e-01,5.577054947527223527e-01,5.666647361030032748e-01,5.654614307965784015e-01,5.627355202622437158e-01,5.659883924647123310e-01,5.632348983996222636e-01,5.647498210614120273e-01,4.953473699202646241e-01,4.880420036223157565e-01,4.836440945503334699e-01,4.656529421450042450e-01,4.613284029969152433e-01,5.416498954263840870e-01,5.272862891538722119e-01,5.530247283376582557e-01,5.333588417207678622e-01,2.985064240994218521e-01,3.360985893788041579e-01,3.205690927473400786e-01,2.529415751902668319e-01,2.128456219238551717e-01,4.034122074898386368e-01,4.495962995772150861e-01,4.034122074898386368e-01,4.044936378146903877e-01,4.038273467149460783e-01,3.849138526362484991e-01,4.039479771775057459e-01,3.541154982249020144e-01,3.539857124681414779e-01,3.537742264478037080e-01,1.897727581988572498e-01,1.819254506462880949e-01,1.783921704502312577e-01,1.898021929162091170e-01,1.451091338283740928e-01,6.803356527312287572e-02,6.594737436538030372e-03,0.000000000000000000e+00,7.280552318105183440e-01
6.932201495736091124e-01,7.121238972824467384e-01,7.076247611884244337e-01,6.650412454579308630e-01,6.801774485670625259e-01,6.466122604910401472e-01,6.666824598680889391e-01,6.549299990656185511e-01,6.661113362017937467e-01,6.373091208332143376e-01,6.341116311442952513e-01,6.270450480730196396e-01,6.167718696292909808e-01,6.116443775862749899e-01,6.000402356682438265e-01,6.080738978947841655e-01,6.214743144883104753e-01,6.201875980590266790e-01,6.259263728944098881e-01,6.209328976893109253e-01,5.862316565268134161e-01,5.712237239229326358e-01,5.903053556387427570e-01,5.931773809264618835e-01,5.845242047892039716e-01,5.772625979342912439e-01,5.420901603280676717e-01,5.403771181770308241e-01,5.454187043893703457e-01,5.761657599537708396e-01,5.802896480511570143e-01,5.665731959180230204e-01,5.523087897174494554e-01,5.603946225212242949e-01,5.486023824686449002e-01,5.593537085192458180e-01,5.497523010277742816e-01,5.429560365579019221e-01,5.577054947527223527e-01,5.666647361030032748e-01,5.654614307965784015e-01,5.627355202622437158e-01,5.659883924647123310e-01,5.632348983996222636e-01,5.647498210614120273e-01,4.953473699202646241e-01,4.880420036223157565e-01,4.836440945503334699e-01,4.656529421450042450e-01,4.613284029969152433e-01,5.416498954263840870e-01,5.272862891538722119e-01,5.530247283376582557e-01,5.333588417207678622e-01,2.985064240994218521e-01,3.360985893788041579e-01,3.205690927473400786e-01,2.529415751902668319e-01,2.128456219238551717e-01,4.034122074898386368e-01,4.495962995772150861e-01,4.034122074898386368e-01,4.044936378146903877e-01,4.038273467149460783e-01,3.849138526362484991e-01,4.039479771775057459e-01,3.541154982249020144e-01,3.539857124681414779e-01,3.537742264478037080e-01,1.897727581988572498e-01,1.819254506462880949e-01,1.783921704502312577e-01,1.898021929162091170e-01,1.451091338283740928e-01,6.803356527312287572e-02,6.594737436538030372e-03,0.000000000000000000e+00,7.121238972824467384e-01
6.650412454579308630e-01,6.650412454579308630e-01,6.650412454579308630e-01,6.176581093841685410e-01,6.328386412777984305e-01,6.169477805491714317e-01,6.426351490950787948e-01,6.477986159587819648e-01,6.628539933695202224e-01,6.270952994261719260e-01,6.187213477137363249e-01,6.209077493335728448e-01,6.148233610790201364e-01,6.107899798472966602e-01,5.984265906143648728e-01,6.055270535187400327e-01,6.186840064735400491e-01,6.181221103912745152e-01,6.213697777260692723e-01,6.192011168806899057e-01,5.850324618184968850e-01,5.711587566285520889e-01,5.897187364350262584e-01,5.928137375735201831e-01,5.839375855854875841e-01,5.766759787305747453e-01,5.420901603280676717e-01,5.403771181770308241e-01,5.454187043893703457e-01,5.756441080444348879e-01,5.797030288474405157e-01,5.659865767143065218e-01,5.523087897174494554e-01,5.603946225212242949e-01,5.486023824686449002e-01,5.593537085192458180e-01,5.497523010277742816e-01,5.429560365579019221e-01,5.574121851508641035e-01,5.665348015142422922e-01,5.653314962078173078e-01,5.626055856734827332e-01,5.658584578759513484e-01,5.626482791959057650e-01,5.646198864726509337e-01,4.953473699202646241e-01,4.880420036223157565e-01,4.836440945503334699e-01,4.656529421450042450e-01,4.613284029969152433e-01,5.416498954263840870e-01,5.272862891538722119e-01,5.528947937488972730e-01,5.333588417207678622e-01,2.985064240994218521e-01,3.360985893788041579e-01,3.205690927473400786e-01,2.529415751902668319e-01,2.128456219238551717e-01,4.034122074898386368e-01,4.495962995772150861e-01,4.034122074898386368e-01,4.044936378146903877e-01,4.038273467149460783e-01,3.849138526362484991e-01,4.039479771775057459e-01,3.541154982249020144e-01,3.539857124681414779e-01,3.537742264478037080e-01,1.897727581988572498e-01,1.819254506462880949e-01,1.783921704502312577e-01,1.898021929162091170e-01,1.451091338283740928e-01,6.803356527312287572e-02,6.594737436538030372e-03,0.000000000000000000e+00,6.650412454579308630e-01
6.801774485670625259e-01,6.801774485670625259e-01,6.801774485670625259e-01,6.328386412777984305e-01,6.509749705586679314e-01,6.287959615896641097e-01,6.460796460417831399e-01,6.479839330610926984e-01,6.661113362017937467e-01,6.322022101296931318e-01,6.283385002134109776e-01,6.252526905140323166e-01,6.167718696292909808e-01,6.116443775862749899e-01,5.998330104954625597e-01,6.076383304145251962e-01,6.210176298733550704e-01,6.197309134440711631e-01,6.245865447026693884e-01,6.204762130743555204e-01,5.862316565268134161e-01,5.712237239229326358e-01,5.898486710237872410e-01,5.929490386189841811e-01,5.840675201742485667e-01,5.768059133193358390e-01,5.420901603280676717e-01,5.403771181770308241e-01,5.454187043893703457e-01,5.757090753388153237e-01,5.798329634362014984e-01,5.661165113030676155e-01,5.523087897174494554e-01,5.603946225212242949e-01,5.486023824686449002e-01,5.593537085192458180e-01,5.497523010277742816e-01,5.429560365579019221e-01,5.574771524452445393e-01,5.666647361030032748e-01,5.654614307965784015e-01,5.627355202622437158e-01,5.659883924647123310e-01,5.627782137846668586e-01,5.647498210614120273e-01,4.953473699202646241e-01,4.880420036223157565e-01,4.836440945503334699e-01,4.656529421450042450e-01,4.613284029969152433e-01,5.416498954263840870e-01,5.272862891538722119e-01,5.530247283376582557e-01,5.333588417207678622e-01,2.985064240994218521e-01,3.360985893788041579e-01,3.205690927473400786e-01,2.529415751902668319e-01,2.128456219238551717e-01,4.034122074898386368e-01,4.495962995772150861e-01,4.034122074898386368e-01,4.044936378146903877e-01,4.038273467149460783e-01,3.849138526362484991e-01,4.039479771775057459e-01,3.541154982249020144e-01,3.539857124681414779e-01,3.537742264478037080e-01,1.897727581988572498e-01,1.819254506462880949e-01,1.783921704502312577e-01,1.898021929162091170e-01,1.451091338283740928e-01,6.803356527312287572e-02,6.594737436538030372e-03,0.000000000000000000e+00,6.801774485670625259e-01
6.466122604910401472e-01,6.466122604910401472e-01,6.466122604910401472e-01,6.169477805491714317e-01,6.287959615896641097e-01,6.171323577438225794e-01,6.371821798938342996e-01,6.415158870931528812e-01,6.462976381467133713e-01,6.270952994261719260e-01,6.206466044531895321e-01,6.228276396163230366e-01,6.167486178184733436e-01,6.116112858540542208e-01,5.989995683021517303e-01,6.064412023448438882e-01,6.200165943428191939e-01,6.190322535103941481e-01,6.227023655953484171e-01,6.200799287375372559e-01,5.856054395062837425e-01,5.712237239229326358e-01,5.898818563075511889e-01,5.929548983474601798e-01,5.841007054580125146e-01,5.768390986030996759e-01,5.420901603280676717e-01,5.403771181770308241e-01,5.454187043893703457e-01,5.757422606225792716e-01,5.798661487199654463e-01,5.661496965868315634e-01,5.523087897174494554e-01,5.603946225212242949e-01,5.486023824686449002e-01,5.593537085192458180e-01,5.497523010277742816e-01,5.429560365579019221e-01,5.574937450871265687e-01,5.666647361030032748e-01,5.654614307965784015e-01,5.627355202622437158e-01,5.659883924647123310e-01,5.628113990684306955e-01,5.647498210614120273e-01,4.953473699202646241e-01,4.880420036223157565e-01,4.836440945503334699e-01,4.656529421450042450e-01,4.613284029969152433e-01,5.416498954263840870e-01,5.272862891538722119e-01,5.530247283376582557e-01,5.333588417207678622e-01,2.985064240994218521e-01,3.360985893788041579e-01,3.205690927473400786e-01,2.529415751902668319e-01,2.128456219238551717e-01,4.034122074898386368e-01,4.495962995772150861e-01,4.034122074898386368e-01,4.044936378146903877e-01,4.038273467149460783e-01,3.849138526362484991e-01,4.039479771775057459e-01,3.541154982249020144e-01,3.539857124681414779e-01,3.537742264478037080e-01,1.897727581988572498e-01,1.819254506462880949e-01,1.783921704502312577e-01,1.898021929162091170e-01,1.451091338283740928e-01,6.803356527312287572e-02,6.594737436538030372e-03,0.000000000000000000e+00,6.466122604910401472e-01
6.666824598680889391e-01,6.666824598680889391e-01,6.666824598680889391e-01,6.426351490950787948e-01,6.460796460417831399e-01,6.371821798938342996e-01,6.462419154457339499e-01,6.479839330610926984e-01,6.658490772075783548e-01,6.373091208332143376e-01,6.331243434382607393e-01,6.269696554513675135e-01,6.167486178184733436e-01,6.116327516808661713e-01,6.000402356682438265e-01,6.077963644849766478e-01,6.209192476686955509e-01,6.196325312394117546e-01,6.253713060747949637e-01,6.203778308696960009e-01,5.862316565268134161e-01,5.712237239229326358e-01,5.898486710237872410e-01,5.929490386189841811e-01,5.840675201742485667e-01,5.768059133193358390e-01,5.420901603280676717e-01,5.403771181770308241e-01,5.454187043893703457e-01,5.757090753388153237e-01,5.798329634362014984e-01,5.661165113030676155e-01,5.523087897174494554e-01,5.603946225212242949e-01,5.486023824686449002e-01,5.593537085192458180e-01,5.497523010277742816e-01,5.429560365579019221e-01,5.574771524452445393e-01,5.666647361030032748e-01,5.654614307965784015e-01,5.627355202622437158e-01,5.659883924647123310e-01,5.627782137846668586e-01,5.647498210614120273e-01,4.953473699202646241e-01,4.880420036223157565e-01,4.836440945503334699e-01,4.656529421450042450e-01,4.613284029969152433e-01,5.416498954263840870e-01,5.272862891538722119e-01,5.530247283376582557e-01,5.333588417207678622e-01,2.985064240994218521e-01,3.360985893788041579e-01,3.205690927473400786e-01,2.529415751902668319e-01,2.128456219238551717e-01,4.034122074898386368e-01,4.495962995772150861e-01,4.034122074898386368e-01,4.044936378146903877e-01,4.038273467149460783e-01,3.849138526362484991e-01,4.039479771775057459e-01,3.541154982249020144e-01,3.539857124681414779e-01,3.537742264478037080e-01,1.897727581988572498e-01,1.819254506462880949e-01,1.783921704502312577e-01,1.898021929162091170e-01,1.451091338283740928e-01,6.803356527312287572e-02,6.594737436538030372e-03,0.000000000000000000e+00,6.666824598680889391e-01
6.549299990656185511e-01,6.549299990656185511e-01,6.549299990656185511e-01,6.477986159587819648e-01,6.479839330610926984e-01,6.415158870931528812e-01,6.479839330610926984e-01,6.495112626419319302e-01,6.549299990656185511e-01,6.373091208332143376e-01,6.332772236691527334e-01,6.269642889946644981e-01,6.167486178184733436e-01,6.116220187674601405e-01,5.999136901967507818e-01,6.076184464592612189e-01,6.209065586775690537e-01,6.196575860436066563e-01,6.253586170836684666e-01,6.204406294692124124e-01,5.861454360227644766e-01,5.712237239229326358e-01,5.900770133312649435e-01,5.930578433160200724e-01,5.842958624817262692e-01,5.770342556268135414e-01,5.420901603280676717e-01,5.403771181770308241e-01,5.454187043893703457e-01,5.759374176462930262e-01,5.800613057436792008e-01,5.663448536105453179e-01,5.523087897174494554e-01,5.603946225212242949e-01,5.486023824686449002e-01,5.593537085192458180e-01,5.497523010277742816e-01,5.429560365579019221e-01,5.575913235989834460e-01,5.666647361030032748e-01,5.654614307965784015e-01,5.627355202622437158e-01,5.659883924647123310e-01,5.630065560921445611e-01,5.647498210614120273e-01,4.953473699202646241e-01,4.880420036223157565e-01,4.836440945503334699e-01,4.656529421450042450e-01,4.613284029969152433e-01,5.416498954263840870e-01,5.272862891538722119e-01,5.530247283376582557e-01,5.333588417207678622e-01,2.985064240994218521e-01,3.360985893788041579e-01,3.205690927473400786e-01,2.529415751902668319e-01,2.128456219238551717e-01,4.034122074898386368e-01,4.495962995772150861e-01,4.034122074898386368e-01,4.044936378146903877e-01,4.038273467149460783e-01,3.849138526362484991e-01,4.039479771775057459e-01,3.541154982249020144e-01,3.539857124681414779e-01,3.537742264478037080e-01,1.897727581988572498e-01,1.819254506462880949e-01,1.783921704502312577e-01,1.898021929162091170e-01,1.451091338283740928e-01,6.803356527312287572e-02,6.594737436538030372e-03,0.000000000000000000e+00,6.549299990656185511e-01
6.661113362017937467e-01,6.661113362017937467e-01,6.661113362017937467e-01,6.628539933695202224e-01,6.661113362017937467e-01,6.462976381467133713e-01,6.658490772075783548e-01,6.549299990656185511e-01,6.656946448715383990e-01,6.373091208332143376e-01,6.338350927827195447e-01,6.269696554513675135e-01,6.167486178184733436e-01,6.116327516808661713e-01,6.000402356682438265e-01,6.080247067924543503e-01,6.213759322836510668e-01,6.200892158543671595e-01,6.258279906897504796e-01,6.208345154846514058e-01,5.862316565268134161e-01,5.712237239229326358e-01,5.903053556387427570e-01,5.931773809264618835e-01,5.845242047892039716e-01,5.772625979342912439e-01,5.420901603280676717e-01,5.403771181770308241e-01,5.454187043893703457e-01,5.761657599537708396e-01,5.802896480511570143e-01,5.665731959180230204e-01,5.523087897174494554e-01,5.603946225212242949e-01,5.486023824686449002e-01,5.593537085192458180e-01,5.497523010277742816e-01,5.429560365579019221e-01,5.577054947527223527e-01,5.666647361030032748e-01,5.654614307965784015e-01,5.627355202622437158e-01,5.659883924647123310e-01,5.632348983996222636e-01,5.647498210614120273e-01,4.953473699202646241e-01,4.880420036223157565e-01,4.836440945503334699e-01,4.656529421450042450e-01,4.613284029969152433e-01,5.416498954263840870e-01,5.272862891538722119e-01,5.530247283376582557e-01,5.333588417207678622e-01,2.985064240994218521e-01,3.360985893788041579e-01,3.205690927473400786e-01,2.529415751902668319e-01,2.128456219238551717e-01,4.034122074898386368e-01,4.495962995772150861e-01,4.034122074898386368e-01,4.044936378146903877e-01,4.038273467149460783e-01,3.849138526362484991e-01,4.039479771775057459e-01,3.541154982249020144e-01,3.539857124681414779e-01,3.537742264478037080e-01,1.897727581988572498e-01,1.819254506462880949e-01,1.783921704502312577e-01,1.898021929162091170e-01,1.451091338283740928e-01,6.803356527312287572e-02,6.594737436538030372e-03,0.000000000000000000e+00,6.661113362017937467e-01
6.373091208332143376e-01,6.373091208332143376e-01,6.373091208332143376e-01,6.270952994261719260e-01,6.322022101296931318e-01,6.270952994261719260e-01,6.373091208332143376e-01,6.373091208332143376e-01,6.373091208332143376e-01,6.270952994261718150e-01,6.259479577868222178e-01,6.234263482308212145e-01,6.167486178184733436e-01,6.116112858540542208e-01,5.997871447252578481e-01,6.072453714098320354e-01,6.205035556390149365e-01,6.192923268003739379e-01,6.231893268915441597e-01,6.201131140213012038e-01,5.860592155187155372e-01,5.712237239229326358e-01,5.899150415913151368e-01,5.929714909893422092e-01,5.841338907417764625e-01,5.768722838868636238e-01,5.420901603280676717e-01,5.403771181770308241e-01,5.454187043893703457e-01,5.757754459063432195e-01,5.798993340037293942e-01,5.661828818705954003e-01,5.523087897174494554e-01,5.603946225212242949e-01,5.486023824686449002e-01,5.593537085192458180e-01,5.497523010277742816e-01,5.429560365579019221e-01,5.575103377290084872e-01,5.666647361030032748e-01,5.654614307965784015e-01,5.627355202622437158e-01,5.659883924647123310e-01,5.628445843521947545e-01,5.647498210614120273e-01,4.953473699202646241e-01,4.880420036223157565e-01,4.836440945503334699e-01,4.656529421450042450e-01,4.613284029969152433e-01,5.416498954263841981e-01,5.272862891538722119e-01,5.530247283376582557e-01,5.333588417207678622e-01,2.985064240994218521e-01,3.360985893788041579e-01,3.205690927473400786e-01,2.529415751902668319e-01,2.128456219238551717e-01,4.034122074898386368e-01,4.495962995772150861e-01,4.034122074898386368e-01,4.044936378146903877e-01,4.038273467149460783e-01,3.849138526362484991e-01,4.039479771775057459e-01,3.541154982249020144e-01,3.539857124681414779e-01,3.537742264478037080e-01,1.897727581988572498e-01,1.819254506462880949e-01,1.783921704502312577e-01,1.898021929162091170e-01,1.451091338283740928e-01,6.803356527312287572e-02,6.594737436538030372e-03,0.000000000000000000e+00,6.373091208332143376e-01
6.341116311442952513e-01,6.341116311442952513e-01,6.341116311442952513e-01,6.187213477137363249e-01,6.283385002134109776e-01,6.206466044531895321e-01,6.331243434382607393e-01,6.332772236691527334e-01,6.338350927827195447e-01,6.259479577868222178e-01,6.152814914905516686e-01,6.163473582404962459e-01,6.113571488347220306e-01,6.087934963647571029e-01,5.985529574874572933e-01,6.058380372750170606e-01,6.178258893519974482e-01,6.171832582879863693e-01,6.191714156831847893e-01,6.178172443389410295e-01,5.849919284862521440e-01,5.702863714792302252e-01,5.887110757542975970e-01,5.918407590012459973e-01,5.829299249047589226e-01,5.757049349743068589e-01,5.412827424731263548e-01,5.395697003220895072e-01,5.446112865344290288e-01,5.747746485070081013e-01,5.787686020156332933e-01,5.650521498824992994e-01,5.515013718625080275e-01,5.595872046662829780e-01,5.477949646137035833e-01,5.585462906643043901e-01,5.489448831728328537e-01,5.424543961741161713e-01,5.565095403296733689e-01,5.655340041149071739e-01,5.643306988084821896e-01,5.616047882741476149e-01,5.648576604766162301e-01,5.617772973197312503e-01,5.636190890733158154e-01,4.949091744921115255e-01,4.876038081941627134e-01,4.832058991221803712e-01,4.652147467168511463e-01,4.608902075687620892e-01,5.411482550425982252e-01,5.267846487700863500e-01,5.521420525185889439e-01,5.329206462926147081e-01,2.985064240994218521e-01,3.360985893788041579e-01,3.205690927473400786e-01,2.529415751902668319e-01,2.128456219238551717e-01,4.034122074898386368e-01,4.491581041490619874e-01,4.034122074898386368e-01,4.044936378146903877e-01,4.038273467149460783e-01,3.849138526362484991e-01,4.039479771775057459e-01,3.541154982249020144e-01,3.539857124681414779e-01,3.537742264478037080e-01,1.897727581988572498e-01,1.819254506462880949e-01,1.783921704502312577e-01,1.898021929162091170e-01,1.451091338283740928e-01,6.803356527312287572e-02,6.594737436538030372e-03,0.000000000000000000e+00,6.341116311442952513e-01
6.270450480730196396e-01,6.270450480730196396e-01,6.270450480730196396e-01,6.209077493335728448e-01,6.252526905140323166e-01,6.228276396163230366e-01,6.269696554513675135e-01,6.269642889946644981e-01,6.269696554513675135e-01,6.234263482308212145e-01,6.163473582404962459e-01,6.126127505168581511e-01,6.095841429794159883e-01,6.059716926637900292e-01,5.962443477858561103e-01,6.033733495806850033e-01,6.117607557059637768e-01,6.111213394131631560e-01,6.132730164011164220e-01,6.122173297600045361e-01,5.837318969259303048e-01,5.694298645781880053e-01,5.871894769142006476e-01,5.898275354622716238e-01,5.814083260646619733e-01,5.738232264781938374e-01,5.404262355720841349e-01,5.387131934210472872e-01,5.438038686794877119e-01,5.725670191915603890e-01,5.765609727001855811e-01,5.636037848913236781e-01,5.506939540075667106e-01,5.587306977652407580e-01,5.469875467587622664e-01,5.576875895543408346e-01,5.481374653178915368e-01,5.407141673776584279e-01,5.543019110142257677e-01,5.633263747994595727e-01,5.621230694930345884e-01,5.593971589586999027e-01,5.626500311611686289e-01,5.596331129599163567e-01,5.614114597578682142e-01,4.944709790639584268e-01,4.861666863975376285e-01,4.827677036940272726e-01,4.647765512886980477e-01,4.592134237279371645e-01,5.394080262461405928e-01,5.250444199736287176e-01,5.501824793721682427e-01,5.315912731945459102e-01,2.985064240994218521e-01,3.360985893788041579e-01,3.205690927473400786e-01,2.529415751902668319e-01,2.128456219238551717e-01,4.033140293976369417e-01,4.474813203082370627e-01,4.033140293976369417e-01,4.043954597224887482e-01,4.037291686227443832e-01,3.849138526362484991e-01,4.039479771775057459e-01,3.541154982249020144e-01,3.539857124681414779e-01,3.537742264478037080e-01,1.897727581988572498e-01,1.819254506462880949e-01,1.783921704502312577e-01,1.898021929162091170e-01,1.451091338283740928e-01,6.803356527312287572e-02,6.594737436538030372e-03,0.000000000000000000e+00,6.270450480730196396e-01
6.167718696292909808e-01,6.167718696292909808e-01,6.167718696292909808e-01,6.148233610790201364e-01,6.167718696292909808e-01,6.167486178184733436e-01,6.167486178184733436e-01,6.167486178184733436e-01,6.167486178184733436e-01,6.167486178184733436e-01,6.113571488347220306e-01,6.095841429794159883e-01,6.100057330086584573e-01,6.070204905094511716e-01,5.972931456315171417e-01,6.041617509583080414e-01,6.121932189759270448e-01,6.113795331675940803e-01,6.125045032311002835e-01,6.124064654662132456e-01,5.841382904992001857e-01,5.694789536242889083e-01,5.875273170506022380e-01,5.905113603891199991e-01,5.817461662010635637e-01,5.743337882773226211e-01,5.404753246181850379e-01,5.387622824671480792e-01,5.438038686794877119e-01,5.732844914900980804e-01,5.772784449987231614e-01,5.639416250277252685e-01,5.506939540075667106e-01,5.587797868113415500e-01,5.469875467587622664e-01,5.576363062993187070e-01,5.481374653178915368e-01,5.413334615839943131e-01,5.550193833127633480e-01,5.640438470979971530e-01,5.628405417915721687e-01,5.601146312572374830e-01,5.633675034597062092e-01,5.603505852584540481e-01,5.621289320564057945e-01,4.944709790639584268e-01,4.866661495817736216e-01,4.827677036940272726e-01,4.647765512886980477e-01,4.598327179342731053e-01,5.400273204524764781e-01,5.256637141799646029e-01,5.508999516707058230e-01,5.320695880602377414e-01,2.985064240994218521e-01,3.360985893788041579e-01,3.205690927473400786e-01,2.529415751902668319e-01,2.128456219238551717e-01,4.034122074898386368e-01,4.481006145145729480e-01,4.034122074898386368e-01,4.044936378146903877e-01,4.038273467149460783e-01,3.849138526362484991e-01,4.039479771775057459e-01,3.541154982249020144e-01,3.539857124681414779e-01,3.537742264478037080e-01,1.897727581988572498e-01,1.819254506462880949e-01,1.783921704502312577e-01,1.898021929162091170e-01,1.451091338283740928e-01,6.803356527312287572e-02,6.594737436538030372e-03,0.000000000000000000e+00,6.167718696292909808e-01
6.116443775862749899e-01,6.116443775862749899e-01,6.116443775862749899e-01,6.107899798472966602e-01,6.116443775862749899e-01,6.116112858540542208e-01,6.116327516808661713e-01,6.116220187674601405e-01,6.116327516808661713e-01,6.116112858540542208e-01,6.087934963647571029e-01,6.059716926637900292e-01,6.070204905094511716e-01,6.031236222409098735e-01,5.940174893759465613e-01,5.992387795980073095e-01,6.042486093137875436e-01,6.041436189683068170e-01,6.042486093137875436e-01,6.040386286228260904e-01,5.814819284499654906e-01,5.676811523577030005e-01,5.854905128529614977e-01,5.881318116863000212e-01,5.797093620034227124e-01,5.726965512251963597e-01,5.397731777633538730e-01,5.380601356123170254e-01,5.431998999168582420e-01,5.713597067607035784e-01,5.754220847184632337e-01,5.624257796075325944e-01,5.498487073104464384e-01,5.574580395814878742e-01,5.463835779961327965e-01,5.567910596021984349e-01,5.474128575880167213e-01,5.401101986150289580e-01,5.534389122030674013e-01,5.621874868177371143e-01,5.609841815113121299e-01,5.582582709769775553e-01,5.615111431794461705e-01,5.586896881705945006e-01,5.602725717761458668e-01,4.938670103013289570e-01,4.855627176349081586e-01,4.821637349313978582e-01,4.647765512886980477e-01,4.592134237279371645e-01,5.388040574835111229e-01,5.244404512109992478e-01,5.492390545828462756e-01,5.309218523704487547e-01,2.985064240994218521e-01,3.360985893788041579e-01,3.205690927473400786e-01,2.529415751902668319e-01,2.128456219238551717e-01,4.032158513054352467e-01,4.474813203082370627e-01,4.032158513054352467e-01,4.042972816302870531e-01,4.036309905305427437e-01,3.849138526362484991e-01,4.039479771775057459e-01,3.541154982249020144e-01,3.539857124681414779e-01,3.537742264478037080e-01,1.897727581988572498e-01,1.819254506462880949e-01,1.783921704502312577e-01,1.898021929162091170e-01,1.451091338283740928e-01,6.803356527312287572e-02,6.594737436538030372e-03,0.000000000000000000e+00,6.116443775862749899e-01
6.000402356682438265e-01,6.000402356682438265e-01,6.000402356682438265e-01,5.984265906143648728e-01,5.998330104954625597e-01,5.989995683021517303e-01,6.000402356682438265e-01,5.999136901967507818e-01,6.000402356682438265e-01,5.997871447252578481e-01,5.985529574874572933e-01,5.962443477858561103e-01,5.972931456315171417e-01,5.940174893759465613e-01,5.911456823751614076e-01,5.920986834406284371e-01,5.936848796212761403e-01,5.941386556337079350e-01,5.936848796212761403e-01,5.945924316461398407e-01,5.787770216545174984e-01,5.659815291833188988e-01,5.831756054315685445e-01,5.862689113027047538e-01,5.772894642365491435e-01,5.702072892414138394e-01,5.391660537623143012e-01,5.374498563728672407e-01,5.425896206774084574e-01,5.689092218915600130e-01,5.728746847029506650e-01,5.610828514578392046e-01,5.490034606133261663e-01,5.562344704438357823e-01,5.457796092335033267e-01,5.559458129050781627e-01,5.466882498581419059e-01,5.392052660333738201e-01,5.522681373196043353e-01,5.599242538669105818e-01,5.592896228772872291e-01,5.570075803964952277e-01,5.596686710510022644e-01,5.573334969634869962e-01,5.590218811956635392e-01,4.931610079889616194e-01,4.848108353778598500e-01,4.815597661687683884e-01,4.647765512886980477e-01,4.590655102335182702e-01,5.378991249018559850e-01,5.235355186293439989e-01,5.479528569393926629e-01,5.302413584455157869e-01,2.985064240994218521e-01,3.360985893788041579e-01,3.205690927473400786e-01,2.529415751902668319e-01,2.128456219238551717e-01,4.032158513054352467e-01,4.473334068138181685e-01,4.032158513054352467e-01,4.041493681358681589e-01,4.035570337833332966e-01,3.847659391418296049e-01,4.038000636830868517e-01,3.539675847304831202e-01,3.538377989737225837e-01,3.536263129533848137e-01,1.897727581988572498e-01,1.819254506462880949e-01,1.783921704502312577e-01,1.898021929162091170e-01,1.451091338283740928e-01,6.803356527312287572e-02,6.594737436538030372e-03,0.000000000000000000e+00,6.000402356682438265e-01
6.080738978947841655e-01,6.080738978947841655e-01,6.080738978947841655e-01,6.055270535187400327e-01,6.076383304145251962e-01,6.064412023448438882e-01,6.077963644849766478e-01,6.076184464592612189e-01,6.080247067924543503e-01,6.072453714098320354e-01,6.058380372750170606e-01,6.033733495806850033e-01,6.041617509583080414e-01,5.992387795980073095e-01,5.920986834406284371e-01,5.852594320366749647e-01,5.811355099205458563e-01,5.830579771230757213e-01,5.818698555155948915e-01,5.835117531355075160e-01,5.774856786761901617e-01,5.659986576204025788e-01,5.825339694157893877e-01,5.841647429067519104e-01,5.769323057064854599e-01,5.699153956697315948e-01,5.392658094737210472e-01,5.375511897034790376e-01,5.425927759158185593e-01,5.683347374569492905e-01,5.723127290878848861e-01,5.604969296383535138e-01,5.490034606133261663e-01,5.567109709765692971e-01,5.457796092335033267e-01,5.559458129050781627e-01,5.466882498581419059e-01,5.390955130638777071e-01,5.516658439800659064e-01,5.590467021210006049e-01,5.583998796643665496e-01,5.561680488481933748e-01,5.588528845852911431e-01,5.566112620409341405e-01,5.581823496473616864e-01,4.932120247638305810e-01,4.848847921250692417e-01,4.815597661687683884e-01,4.647765512886980477e-01,4.591394669807277729e-01,5.377893719323598720e-01,5.234257656598479969e-01,5.472638073006036441e-01,5.301502902705942377e-01,2.985064240994218521e-01,3.360985893788041579e-01,3.205690927473400786e-01,2.529415751902668319e-01,2.128456219238551717e-01,4.034122074898386368e-01,4.474073635610276156e-01,4.034122074898386368e-01,4.044196810674809961e-01,4.037903683413414102e-01,3.848398958890390520e-01,4.038740204302963543e-01,3.539764827579403583e-01,3.539117557209320308e-01,3.537002697005942609e-01,1.897727581988572498e-01,1.819254506462880949e-01,1.783921704502312577e-01,1.898021929162091170e-01,1.451091338283740928e-01,6.803356527312287572e-02,6.594737436538030372e-03,0.000000000000000000e+00,6.080738978947841655e-01
6.214743144883104753e-01,6.214743144883104753e-01,6.214743144883104753e-01,6.186840064735400491e-01,6.210176298733550704e-01,6.200165943428191939e-01,6.209192476686955509e-01,6.209065586775690537e-01,6.213759322836510668e-01,6.205035556390149365e-01,6.178258893519974482e-01,6.117607557059637768e-01,6.121932189759270448e-01,6.042486093137875436e-01,5.936848796212761403e-01,5.811355099205458563e-01,5.535135748391933896e-01,5.547592816738310395e-01,5.557797504112866882e-01,5.570795640566126306e-01,5.771255987865741011e-01,5.659587536349027781e-01,5.768378455794004322e-01,5.783305866033283671e-01,5.744501011944207480e-01,5.682965641749978536e-01,5.392673870929260982e-01,5.375543449418892505e-01,5.425959311542287722e-01,5.668445279944771542e-01,5.708766618722919128e-01,5.598414054707582244e-01,5.490034606133261663e-01,5.570892934171011168e-01,5.457796092335033267e-01,5.547121742195080252e-01,5.466882498581419059e-01,5.389025332397138213e-01,5.508889579469371522e-01,5.572118119198954389e-01,5.569966660497934763e-01,5.552589149517818123e-01,5.575236277179275168e-01,5.558194247702714641e-01,5.572732157509501238e-01,4.932630415386995426e-01,4.849171354449448024e-01,4.815597661687683884e-01,4.647765512886980477e-01,4.591301968732693362e-01,5.375963921081959862e-01,5.232327858356840000e-01,5.464351617500511349e-01,5.298728334029584319e-01,2.985064240994218521e-01,3.360985893788041579e-01,3.205690927473400786e-01,2.529415751902668319e-01,2.128456219238551717e-01,4.034122074898386368e-01,4.473980934535691789e-01,4.034122074898386368e-01,4.044936378146903877e-01,4.038273467149460783e-01,3.849138526362484991e-01,4.039479771775057459e-01,3.539853807853975409e-01,3.539857124681414779e-01,3.537742264478037080e-01,1.897727581988572498e-01,1.819254506462880949e-01,1.783921704502312577e-01,1.898021929162091170e-01,1.451091338283740928e-01,6.803356527312287572e-02,6.594737436538030372e-03,0.000000000000000000e+00,6.214743144883104753e-01
6.201875980590266790e-01,6.201875980590266790e-01,6.201875980590266790e-01,6.181221103912745152e-01,6.197309134440711631e-01,6.190322535103941481e-01,6.196325312394117546e-01,6.196575860436066563e-01,6.200892158543671595e-01,6.192923268003739379e-01,6.171832582879863693e-01,6.111213394131631560e-01,6.113795331675940803e-01,6.041436189683068170e-01,5.941386556337079350e-01,5.830579771230757213e-01,5.547592816738310395e-01,5.526032162680351023e-01,5.562554174848174382e-01,5.525647240603683841e-01,5.787782038058355560e-01,5.648609687993697559e-01,5.735959784402814288e-01,5.759156555729277871e-01,5.711557388825614368e-01,5.657900291744739629e-01,5.387174018230418415e-01,5.366385603812277028e-01,5.414102844102987033e-01,5.640702399727487437e-01,5.681023738505633913e-01,5.570671174490297028e-01,5.480083358393806892e-01,5.561366240343780243e-01,5.450946928719847540e-01,5.537595048367849326e-01,5.458270015947986886e-01,5.375510111050785245e-01,5.491605804300604410e-01,5.554615943700341729e-01,5.553594800257817266e-01,5.536217289277700626e-01,5.556603786422167346e-01,5.538959710241955214e-01,5.556360297269383741e-01,4.930962646513056269e-01,4.846738844233619004e-01,4.815425781988845189e-01,4.647593633188141782e-01,4.588869458516864897e-01,5.362448699735606894e-01,5.220801968052318776e-01,5.451545431804440955e-01,5.293412905441048366e-01,2.985064240994218521e-01,3.360985893788041579e-01,3.205690927473400786e-01,2.529415751902668319e-01,2.128456219238551717e-01,4.034122074898386368e-01,4.471548424319863879e-01,4.034122074898386368e-01,4.042675747629914662e-01,4.037143151890966175e-01,3.846877895845495221e-01,4.037219141258067689e-01,3.537593177336986194e-01,3.537596494164425009e-01,3.535481633961047310e-01,1.897727581988572498e-01,1.819254506462880949e-01,1.783921704502312577e-01,1.898021929162091170e-01,1.451091338283740928e-01,6.803356527312287572e-02,6.594737436538030372e-03,0.000000000000000000e+00,6.201875980590266790e-01
6.259263728944098881e-01,6.259263728944098881e-01,6.259263728944098881e-01,6.213697777260692723e-01,6.245865447026693884e-01,6.227023655953484171e-01,6.253713060747949637e-01,6.253586170836684666e-01,6.258279906897504796e-01,6.231893268915441597e-01,6.191714156831847893e-01,6.132730164011164220e-01,6.125045032311002835e-01,6.042486093137875436e-01,5.936848796212761403e-01,5.818698555155948915e-01,5.557797504112866882e-01,5.562554174848174382e-01,5.574592429945203209e-01,5.585993641556752376e-01,5.778599443816232473e-01,5.663259264324272957e-01,5.777427611516841033e-01,5.784477769205055298e-01,5.750113254065126744e-01,5.680700631319832716e-01,5.392673870929260982e-01,5.375543449418892505e-01,5.425959311542287722e-01,5.666180269514624612e-01,5.706293541156102211e-01,5.596357111414105301e-01,5.490034606133261663e-01,5.570892934171011168e-01,5.457796092335033267e-01,5.547121742195080252e-01,5.466882498581419059e-01,5.386968389103661270e-01,5.506832636175894580e-01,5.570061175905477446e-01,5.567909717204457820e-01,5.550532206224341181e-01,5.573179333885798226e-01,5.558610381976053505e-01,5.570675214216024296e-01,4.932630415386995426e-01,4.849379421586117456e-01,4.815597661687683884e-01,4.647765512886980477e-01,4.591718103006032226e-01,5.373906977788482919e-01,5.230270915063363057e-01,5.464767751773851323e-01,5.299005756878476525e-01,2.985064240994218521e-01,3.360985893788041579e-01,3.205690927473400786e-01,2.529415751902668319e-01,2.128456219238551717e-01,4.034122074898386368e-01,4.474397068809031208e-01,4.034122074898386368e-01,4.044936378146903877e-01,4.038273467149460783e-01,3.849138526362484991e-01,4.039479771775057459e-01,3.539853807853975409e-01,3.539857124681414779e-01,3.537742264478037080e-01,1.897727581988572498e-01,1.819254506462880949e-01,1.783921704502312577e-01,1.898021929162091170e-01,1.451091338283740928e-01,6.803356527312287572e-02,6.594737436538030372e-03,0.000000000000000000e+00,6.259263728944098881e-01
6.209328976893109253e-01,6.209328976893109253e-01,6.209328976893109253e-01,6.192011168806899057e-01,6.204762130743555204e-01,6.200799287375372559e-01,6.203778308696960009e-01,6.204406294692124124e-01,6.208345154846514058e-01,6.201131140213012038e-01,6.178172443389410295e-01,6.122173297600045361e-01,6.124064654662132456e-01,6.040386286228260904e-01,5.945924316461398407e-01,5.835117531355075160e-01,5.570795640566126306e-01,5.525647240603683841e-01,5.585993641556752376e-01,5.498830520663664512e-01,5.785462214928603908e-01,5.621970460845108208e-01,5.691419469470899717e-01,5.731635477716136018e-01,5.666492122166295609e-01,5.625088236114570428e-01,5.381674165531574738e-01,5.357227758205661550e-01,5.402246376663687455e-01,5.609587751801066169e-01,5.649909090579212645e-01,5.539556526563875760e-01,5.470132110654353230e-01,5.543521623673779430e-01,5.444097765104661812e-01,5.519750431697848514e-01,5.449657533314554714e-01,5.366941044838063890e-01,5.476495543317879688e-01,5.533742000492591906e-01,5.533851172308561495e-01,5.516473661328445965e-01,5.534599527955923470e-01,5.511407249938425901e-01,5.536616669320129080e-01,4.929294877639117667e-01,4.844306334017791094e-01,4.815253902290005938e-01,4.647421753489303087e-01,4.586436948301035876e-01,5.353879633522885539e-01,5.214222232881429164e-01,5.438739246108369452e-01,5.288097476852513523e-01,2.985064240994218521e-01,3.360985893788041579e-01,3.205690927473400786e-01,2.529415751902668319e-01,2.128456219238551717e-01,4.034122074898386368e-01,4.469115914104034859e-01,4.034122074898386368e-01,4.040415117112924892e-01,4.036012836632471568e-01,3.844617265328506006e-01,4.034958510741078475e-01,3.535332546819996424e-01,3.535335863647435239e-01,3.533221003444058095e-01,1.897727581988572498e-01,1.819254506462880949e-01,1.783921704502312577e-01,1.898021929162091170e-01,1.451091338283740928e-01,6.803356527312287572e-02,6.594737436538030372e-03,0.000000000000000000e+00,6.209328976893109253e-01
