5.018656166666666252e-01,5.013493083333333544e-01,5.013493083333333544e-01,5.013493083333333544e-01,5.013493083333333544e-01,4.687309749999999942e-01,4.640372916666666847e-01,4.677076499999999748e-01,4.642950833333333582e-01,5.070141666666666547e-02,1.080484666666666621e-01,1.041130666666666704e-01,1.279711500000000057e-01,1.080484666666666621e-01,1.332512166666666720e-01,1.315364499999999992e-01,1.319176916666666699e-01,1.347578166666666688e-01,1.389938000000000007e-01,1.427718583333333346e-01,1.456502333333333232e-01,1.456762166666666636e-01,1.578816749999999991e-01,1.400857249999999943e-01,1.552969416666666602e-01,1.554648999999999892e-01,1.581458666666666624e-01,1.545781250000000107e-01,1.552056166666666570e-01,1.553479749999999993e-01,3.089193333333333236e-01,4.505665666666666680e-01,3.597197166666666335e-01,4.215755541666666439e-01,4.967620416666666538e-01,4.815186000000000188e-01,1.856120333333333428e-01,1.855627333333333406e-01,1.855627333333333406e-01,1.855627333333333406e-01,1.855627333333333406e-01,1.854061916666666643e-01,1.863614166666666683e-01,2.437022805555555671e-01,2.708746416666666379e-01,1.606857361111111160e-01,1.710557916666666789e-01,1.701513500000000068e-01,1.760552555555555676e-01,1.826383500000000049e-01,2.997107666666666281e-01,2.713495833333333107e-01,1.813473499999999905e-01,1.802588583333333272e-01,1.853786249999999913e-01,1.873403999999999903e-01,1.868312166666666607e-01,1.873984333333333363e-01,1.856316833333333249e-01,1.838464999999999960e-01,1.978628416666666778e-01,1.642099833333333370e-01,1.672112666666666636e-01,1.686775916666666542e-01,0.000000000000000000e+00
5.013493083333333544e-01,5.491988166666667004e-01,5.491988166666667004e-01,5.258612083333333853e-01,5.025235999999999592e-01,4.665240666666666813e-01,4.652115833333333450e-01,5.155571583333333763e-01,4.888069833333333336e-01,5.070141666666666547e-02,1.080484666666666621e-01,1.041130666666666704e-01,1.279711500000000057e-01,1.080484666666666621e-01,1.332512166666666720e-01,1.315364499999999992e-01,1.319176916666666699e-01,1.347578166666666688e-01,1.389938000000000007e-01,1.427718583333333346e-01,1.456502333333333232e-01,1.456762166666666636e-01,1.578816749999999991e-01,1.400857249999999943e-01,1.552969416666666602e-01,1.554648999999999892e-01,1.581458666666666624e-01,1.545781250000000107e-01,1.552056166666666570e-01,1.553479749999999993e-01,3.089193333333333236e-01,4.483596583333333552e-01,3.597197166666666890e-01,4.204721000000000153e-01,5.446115500000000553e-01,5.293681083333333648e-01,1.856120333333333428e-01,1.855627333333333406e-01,1.855627333333333406e-01,1.855627333333333406e-01,1.855627333333333406e-01,1.854061916666666643e-01,1.863614166666666683e-01,2.437022805555555671e-01,2.708746416666666379e-01,1.606857361111111160e-01,1.710557916666666789e-01,1.701513500000000068e-01,1.760552555555555676e-01,1.826383500000000049e-01,2.997107666666666281e-01,2.713495833333333107e-01,1.813473499999999905e-01,1.802588583333333272e-01,1.853786249999999913e-01,1.873403999999999903e-01,1.868312166666666607e-01,1.873984333333333363e-01,1.856316833333333249e-01,1.838464999999999960e-01,1.978628416666666778e-01,1.642099833333333370e-01,1.672112666666666636e-01,1.686775916666666542e-01,0.000000000000000000e+00
5.013493083333333544e-01,5.491988166666667004e-01,5.491988166666667004e-01,5.258612083333333853e-01,5.025235999999999592e-01,4.665240666666666813e-01,4.652115833333333450e-01,5.155571583333333763e-01,4.888069833333333336e-01,5.070141666666666547e-02,1.080484666666666621e-01,1.041130666666666704e-01,1.279711500000000057e-01,1.080484666666666621e-01,1.332512166666666720e-01,1.315364499999999992e-01,1.319176916666666699e-01,1.347578166666666688e-01,1.389938000000000007e-01,1.427718583333333346e-01,1.456502333333333232e-01,1.456762166666666636e-01,1.578816749999999991e-01,1.400857249999999943e-01,1.552969416666666602e-01,1.554648999999999892e-01,1.581458666666666624e-01,1.545781250000000107e-01,1.552056166666666570e-01,1.553479749999999993e-01,3.089193333333333236e-01,4.483596583333333552e-01,3.597197166666666890e-01,4.204721000000000153e-01,5.446115500000000553e-01,5.293681083333333648e-01,1.856120333333333428e-01,1.855627333333333406e-01,1.855627333333333406e-01,1.855627333333333406e-01,1.855627333333333406e-01,1.854061916666666643e-01,1.863614166666666683e-01,2.437022805555555671e-01,2.708746416666666379e-01,1.606857361111111160e-01,1.710557916666666789e-01,1.701513500000000068e-01,1.760552555555555676e-01,1.826383500000000049e-01,2.997107666666666836e-01,2.713495833333333107e-01,1.813473499999999905e-01,1.802588583333333272e-01,1.853786249999999913e-01,1.873403999999999903e-01,1.868312166666666607e-01,1.873984333333333363e-01,1.856316833333333249e-01,1.838464999999999960e-01,1.978628416666666778e-01,1.642099833333333370e-01,1.672112666666666636e-01,1.686775916666666542e-01,0.000000000000000000e+00
5.013493083333333544e-01,5.258612083333333853e-01,5.258612083333333853e-01,5.141924041666666723e-01,5.025235999999999592e-01,4.665240666666666813e-01,4.652115833333333450e-01,4.922195500000000057e-01,4.771381791666666761e-01,5.070141666666666547e-02,1.080484666666666621e-01,1.041130666666666704e-01,1.279711500000000057e-01,1.080484666666666621e-01,1.332512166666666720e-01,1.315364499999999992e-01,1.319176916666666699e-01,1.347578166666666688e-01,1.389938000000000007e-01,1.427718583333333346e-01,1.456502333333333232e-01,1.456762166666666636e-01,1.578816749999999991e-01,1.400857249999999943e-01,1.552969416666666602e-01,1.554648999999999892e-01,1.581458666666666624e-01,1.545781250000000107e-01,1.552056166666666570e-01,1.553479749999999993e-01,3.089193333333333236e-01,4.483596583333333552e-01,3.597197166666666335e-01,4.204721000000000153e-01,5.212739416666666292e-01,5.060305000000000497e-01,1.856120333333333428e-01,1.855627333333333406e-01,1.855627333333333406e-01,1.855627333333333406e-01,1.855627333333333406e-01,1.854061916666666643e-01,1.863614166666666683e-01,2.437022805555555671e-01,2.708746416666666379e-01,1.606857361111111160e-01,1.710557916666666789e-01,1.701513500000000068e-01,1.760552555555555676e-01,1.826383500000000049e-01,2.997107666666666836e-01,2.713495833333333107e-01,1.813473499999999905e-01,1.802588583333333272e-01,1.853786249999999913e-01,1.873403999999999903e-01,1.868312166666666607e-01,1.873984333333333363e-01,1.856316833333333249e-01,1.838464999999999960e-01,1.978628416666666778e-01,1.642099833333333370e-01,1.672112666666666636e-01,1.686775916666666542e-01,0.000000000000000000e+00
5.013493083333333544e-01,5.025235999999999592e-01,5.025235999999999592e-01,5.025235999999999592e-01,5.025235999999999592e-01,4.665240666666666813e-01,4.652115833333333450e-01,4.688819416666666906e-01,4.654693750000000185e-01,5.070141666666666547e-02,1.080484666666666621e-01,1.041130666666666704e-01,1.279711500000000057e-01,1.080484666666666621e-01,1.332512166666666720e-01,1.315364499999999992e-01,1.319176916666666699e-01,1.347578166666666688e-01,1.389938000000000007e-01,1.427718583333333346e-01,1.456502333333333232e-01,1.456762166666666636e-01,1.578816749999999991e-01,1.400857249999999943e-01,1.552969416666666602e-01,1.554648999999999892e-01,1.581458666666666624e-01,1.545781250000000107e-01,1.552056166666666570e-01,1.553479749999999993e-01,3.089193333333333236e-01,4.483596583333333552e-01,3.597197166666666890e-01,4.204721000000000153e-01,4.979363333333333141e-01,4.826928916666666791e-01,1.856120333333333428e-01,1.855627333333333406e-01,1.855627333333333406e-01,1.855627333333333406e-01,1.855627333333333406e-01,1.854061916666666643e-01,1.863614166666666683e-01,2.437022805555555671e-01,2.708746416666666379e-01,1.606857361111111160e-01,1.710557916666666789e-01,1.701513500000000068e-01,1.760552555555555676e-01,1.826383500000000049e-01,2.997107666666666281e-01,2.713495833333333107e-01,1.813473499999999905e-01,1.802588583333333272e-01,1.853786249999999913e-01,1.873403999999999903e-01,1.868312166666666607e-01,1.873984333333333363e-01,1.856316833333333249e-01,1.838464999999999960e-01,1.978628416666666501e-01,1.642099833333333370e-01,1.672112666666666636e-01,1.686775916666666542e-01,0.000000000000000000e+00
4.687309749999999942e-01,4.665240666666666813e-01,4.665240666666666813e-01,4.665240666666666813e-01,4.665240666666666813e-01,4.862256666666666671e-01,4.341192333333333542e-01,4.353360000000000007e-01,4.343770250000000277e-01,5.070141666666666547e-02,1.080484666666666621e-01,1.041130666666666704e-01,1.279711500000000057e-01,1.080484666666666621e-01,1.332512166666666720e-01,1.315364499999999992e-01,1.319176916666666699e-01,1.347578166666666688e-01,1.389938000000000007e-01,1.427718583333333346e-01,1.456502333333333232e-01,1.456762166666666636e-01,1.578816749999999991e-01,1.400857249999999943e-01,1.552969416666666602e-01,1.554648999999999892e-01,1.581458666666666624e-01,1.545781250000000107e-01,1.552056166666666570e-01,1.553479749999999993e-01,3.170610666666666688e-01,4.680612583333333410e-01,3.750074999999999936e-01,4.379667916666666327e-01,4.619367999999999808e-01,4.466933583333333457e-01,1.882646833333333214e-01,1.882153833333333470e-01,1.882153833333333470e-01,1.882153833333333193e-01,1.882153833333333470e-01,1.900527750000000071e-01,1.910080000000000111e-01,2.509900472222222345e-01,2.781624083333333330e-01,1.606857361111111160e-01,1.710557916666666789e-01,1.701513500000000068e-01,1.760552555555555676e-01,1.852910000000000112e-01,3.078524999999999734e-01,2.786373500000000059e-01,1.839999999999999969e-01,1.829115083333333336e-01,1.880312749999999977e-01,1.899930499999999967e-01,1.894838666666666671e-01,1.900510833333333427e-01,1.882843333333333313e-01,1.864991500000000024e-01,2.018360833333333326e-01,1.642099833333333370e-01,1.672112666666666636e-01,1.686775916666666542e-01,0.000000000000000000e+00
4.640372916666666847e-01,4.652115833333333450e-01,4.652115833333333450e-01,4.652115833333333450e-01,4.652115833333333450e-01,4.341192333333333542e-01,7.206989000000000312e-01,5.398593999999999893e-01,6.336156749999999338e-01,5.070141666666666547e-02,1.080484666666666621e-01,1.041130666666666704e-01,1.279711500000000057e-01,1.080484666666666621e-01,1.332512166666666720e-01,1.315364499999999992e-01,1.319176916666666699e-01,1.347578166666666688e-01,1.389938000000000007e-01,1.427718583333333346e-01,1.457111333333333258e-01,1.457371166666666662e-01,1.579425750000000017e-01,1.400857249999999943e-01,1.553692083333333418e-01,1.555371666666666708e-01,1.582181333333333439e-01,1.546503916666666645e-01,1.552778833333333386e-01,1.554630250000000047e-01,2.998262666666666743e-01,4.172893916666666758e-01,3.506266499999999842e-01,4.010577166666666749e-01,4.734024416666666735e-01,5.063632499999999315e-01,1.831522166666666729e-01,1.831029166666666708e-01,1.831029166666666708e-01,1.831029166666666708e-01,1.831029166666666708e-01,1.829463749999999944e-01,1.839015999999999984e-01,2.406915722222222331e-01,2.684439083333333143e-01,1.614394694444444556e-01,1.715405750000000007e-01,1.702122499999999816e-01,1.765235555555555447e-01,1.835140500000000119e-01,2.906176999999999788e-01,2.689188499999999871e-01,1.820275916666666549e-01,1.807436416666666767e-01,1.829188083333333492e-01,1.848805833333333482e-01,1.862437333333333278e-01,1.858747833333333210e-01,1.849417083333333434e-01,1.830540333333333380e-01,1.962654249999999934e-01,1.642708833333333396e-01,1.672721666666666662e-01,1.687384916666666568e-01,0.000000000000000000e+00
4.677076499999999748e-01,5.155571583333333763e-01,5.155571583333333763e-01,4.922195500000000057e-01,4.688819416666666906e-01,4.353360000000000007e-01,5.398593999999999893e-01,6.190270875000000173e-01,5.818583750000000387e-01,5.070141666666666547e-02,1.080484666666666621e-01,1.041130666666666704e-01,1.279711500000000057e-01,1.080484666666666621e-01,1.332512166666666720e-01,1.315364499999999992e-01,1.319176916666666699e-01,1.347578166666666688e-01,1.389938000000000007e-01,1.427718583333333346e-01,1.457111333333333258e-01,1.457371166666666662e-01,1.579425750000000017e-01,1.400857249999999943e-01,1.553692083333333418e-01,1.555371666666666708e-01,1.582181333333333439e-01,1.546503916666666645e-01,1.552778833333333386e-01,1.554630250000000047e-01,3.010430333333333208e-01,4.185061583333333224e-01,3.518434166666666862e-01,4.022744833333333214e-01,5.348733833333333409e-01,5.881837333333332918e-01,1.831522166666666729e-01,1.831029166666666708e-01,1.831029166666666708e-01,1.831029166666666708e-01,1.831029166666666708e-01,1.829463750000000222e-01,1.839015999999999984e-01,2.413927555555555604e-01,2.691450916666666693e-01,1.614394694444444556e-01,1.714368083333333292e-01,1.702122499999999816e-01,1.764716722222222367e-01,1.834102833333333404e-01,2.918344666666666809e-01,2.696200333333333421e-01,1.819238250000000112e-01,1.806398750000000053e-01,1.829188083333333492e-01,1.848805833333333482e-01,1.861399666666666564e-01,1.858229000000000131e-01,1.848379416666666719e-01,1.829502666666666666e-01,1.965641333333333352e-01,1.642708833333333396e-01,1.672721666666666662e-01,1.687384916666666568e-01,0.000000000000000000e+00
4.642950833333333582e-01,4.888069833333333336e-01,4.888069833333333336e-01,4.771381791666666761e-01,4.654693750000000185e-01,4.343770250000000277e-01,6.336156749999999338e-01,5.818583750000000387e-01,6.131223999999999563e-01,5.070141666666666547e-02,1.080484666666666621e-01,1.041130666666666704e-01,1.279711500000000057e-01,1.080484666666666621e-01,1.332512166666666720e-01,1.315364499999999992e-01,1.319176916666666699e-01,1.347578166666666688e-01,1.389938000000000007e-01,1.427718583333333346e-01,1.457111333333333258e-01,1.457371166666666662e-01,1.579425750000000017e-01,1.400857249999999943e-01,1.553692083333333418e-01,1.555371666666666708e-01,1.582181333333333439e-01,1.546503916666666645e-01,1.552778833333333386e-01,1.554630250000000047e-01,3.000840583333333478e-01,4.175471833333333493e-01,3.508844416666666577e-01,4.013155083333333484e-01,5.025605250000000357e-01,5.456961041666666956e-01,1.831522166666666729e-01,1.831029166666666708e-01,1.831029166666666708e-01,1.831029166666666708e-01,1.831029166666666708e-01,1.829463749999999944e-01,1.839015999999999984e-01,2.406915722222222331e-01,2.684439083333333143e-01,1.614394694444444556e-01,1.715405750000000007e-01,1.702122499999999816e-01,1.765235555555555447e-01,1.835140500000000119e-01,2.908754916666666523e-01,2.689188499999999871e-01,1.820275916666666549e-01,1.807436416666666767e-01,1.829188083333333492e-01,1.848805833333333482e-01,1.862437333333333278e-01,1.858747833333333210e-01,1.849417083333333434e-01,1.830540333333333380e-01,1.962654249999999934e-01,1.642708833333333396e-01,1.672721666666666662e-01,1.687384916666666568e-01,0.000000000000000000e+00
5.070141666666666547e-02,5.070141666666666547e-02,5.070141666666666547e-02,5.070141666666666547e-02,5.070141666666666547e-02,5.070141666666666547e-02,5.070141666666666547e-02,5.070141666666666547e-02,5.070141666666666547e-02,2.596329166666666924e-02,5.070141666666666547e-02,5.070141666666666547e-02,5.070141666666666547e-02,5.070141666666666547e-02,5.070141666666666547e-02,5.070141666666666547e-02,5.070141666666666547e-02,5.070141666666666547e-02,5.070141666666666547e-02,5.070141666666666547e-02,5.070141666666666547e-02,5.070141666666666547e-02,5.070141666666666547e-02,5.070141666666666547e-02,5.070141666666666547e-02,5.070141666666666547e-02,5.070141666666666547e-02,5.070141666666666547e-02,5.070141666666666547e-02,5.070141666666666547e-02,5.070141666666666547e-02,5.070141666666666547e-02,5.070141666666666547e-02,5.070141666666666547e-02,5.070141666666666547e-02,5.070141666666666547e-02,5.070141666666666547e-02,5.070141666666666547e-02,5.070141666666666547e-02,5.070141666666666547e-02,5.070141666666666547e-02,5.070141666666666547e-02,5.070141666666666547e-02,5.070141666666666547e-02,5.070141666666666547e-02,5.070141666666666547e-02,5.070141666666666547e-02,5.070141666666666547e-02,5.070141666666666547e-02,5.070141666666666547e-02,5.070141666666666547e-02,5.070141666666666547e-02,5.070141666666666547e-02,5.070141666666666547e-02,5.070141666666666547e-02,5.070141666666666547e-02,5.070141666666666547e-02,5.070141666666666547e-02,5.070141666666666547e-02,5.070141666666666547e-02,5.070141666666666547e-02,5.070141666666666547e-02,5.070141666666666547e-02,5.070141666666666547e-02,0.000000000000000000e+00
1.080484666666666621e-01,1.080484666666666621e-01,1.080484666666666621e-01,1.080484666666666621e-01,1.080484666666666621e-01,1.080484666666666621e-01,1.080484666666666621e-01,1.080484666666666621e-01,1.080484666666666621e-01,5.070141666666666547e-02,1.080484666666666621e-01,1.041130666666666704e-01,1.080484666666666621e-01,1.080484666666666621e-01,1.080484666666666621e-01,1.080484666666666621e-01,1.080484666666666621e-01,1.080484666666666621e-01,1.080484666666666621e-01,1.080484666666666621e-01,1.080484666666666621e-01,1.080484666666666621e-01,1.080484666666666621e-01,1.080484666666666621e-01,1.080484666666666621e-01,1.080484666666666621e-01,1.080484666666666621e-01,1.080484666666666621e-01,1.080484666666666621e-01,1.080484666666666621e-01,1.080484666666666621e-01,1.080484666666666621e-01,1.080484666666666621e-01,1.080484666666666621e-01,1.080484666666666621e-01,1.080484666666666621e-01,1.080484666666666621e-01,1.080484666666666621e-01,1.080484666666666621e-01,1.080484666666666621e-01,1.080484666666666621e-01,1.080484666666666621e-01,1.080484666666666621e-01,1.080484666666666621e-01,1.080484666666666621e-01,1.080484666666666621e-01,1.080484666666666621e-01,1.080484666666666621e-01,1.080484666666666621e-01,1.080484666666666621e-01,1.080484666666666621e-01,1.080484666666666621e-01,1.080484666666666621e-01,1.080484666666666621e-01,1.080484666666666621e-01,1.080484666666666621e-01,1.080484666666666621e-01,1.080484666666666621e-01,1.080484666666666621e-01,1.080484666666666621e-01,1.080484666666666621e-01,1.080484666666666621e-01,1.080484666666666621e-01,1.080484666666666621e-01,0.000000000000000000e+00
1.041130666666666704e-01,1.041130666666666704e-01,1.041130666666666704e-01,1.041130666666666704e-01,1.041130666666666704e-01,1.041130666666666704e-01,1.041130666666666704e-01,1.041130666666666704e-01,1.041130666666666704e-01,5.070141666666666547e-02,1.041130666666666704e-01,1.021453666666666676e-01,1.041130666666666704e-01,1.041130666666666704e-01,1.041130666666666704e-01,1.041130666666666704e-01,1.041130666666666704e-01,1.041130666666666704e-01,1.041130666666666704e-01,1.041130666666666704e-01,1.041130666666666704e-01,1.041130666666666704e-01,1.041130666666666704e-01,1.041130666666666704e-01,1.041130666666666704e-01,1.041130666666666704e-01,1.041130666666666704e-01,1.041130666666666704e-01,1.041130666666666704e-01,1.041130666666666704e-01,1.041130666666666704e-01,1.041130666666666704e-01,1.041130666666666704e-01,1.041130666666666704e-01,1.041130666666666704e-01,1.041130666666666704e-01,1.041130666666666704e-01,1.041130666666666704e-01,1.041130666666666704e-01,1.041130666666666704e-01,1.041130666666666704e-01,1.041130666666666704e-01,1.041130666666666704e-01,1.041130666666666704e-01,1.041130666666666704e-01,1.041130666666666704e-01,1.041130666666666704e-01,1.041130666666666704e-01,1.041130666666666704e-01,1.041130666666666704e-01,1.041130666666666704e-01,1.041130666666666704e-01,1.041130666666666704e-01,1.041130666666666704e-01,1.041130666666666704e-01,1.041130666666666704e-01,1.041130666666666704e-01,1.041130666666666704e-01,1.041130666666666704e-01,1.041130666666666704e-01,1.041130666666666704e-01,1.041130666666666704e-01,1.041130666666666704e-01,1.041130666666666704e-01,0.000000000000000000e+00
1.279711500000000057e-01,1.279711500000000057e-01,1.279711500000000057e-01,1.279711500000000057e-01,1.279711500000000057e-01,1.279711500000000057e-01,1.279711500000000057e-01,1.279711500000000057e-01,1.279711500000000057e-01,5.070141666666666547e-02,1.080484666666666621e-01,1.041130666666666704e-01,1.343721625000000031e-01,1.089650333333333360e-01,1.376434166666666570e-01,1.390977499999999922e-01,1.392031125000000036e-01,1.363998083333333444e-01,1.353510791666666657e-01,1.294481000000000104e-01,1.293252000000000013e-01,1.293252000000000013e-01,1.288369208333333404e-01,1.322667333333333306e-01,1.294171583333333375e-01,1.294171583333333375e-01,1.294171583333333375e-01,1.294171583333333375e-01,1.293562833333333217e-01,1.293867208333333296e-01,1.279711500000000057e-01,1.279711500000000057e-01,1.279711500000000057e-01,1.279711500000000057e-01,1.279711500000000057e-01,1.279711500000000057e-01,1.280830666666666617e-01,1.280830666666666617e-01,1.280830666666666617e-01,1.280830666666666617e-01,1.280830666666666617e-01,1.280830666666666617e-01,1.280830666666666617e-01,1.280271083333333337e-01,1.279711500000000057e-01,1.282527833333333422e-01,1.281379166666666569e-01,1.281379166666666569e-01,1.280829749999999878e-01,1.279730916666666496e-01,1.279711500000000057e-01,1.279711500000000057e-01,1.279730916666666773e-01,1.279730916666666773e-01,1.280830666666666617e-01,1.279730916666666496e-01,1.279730916666666496e-01,1.279730916666666773e-01,1.279730916666666496e-01,1.280280791666666695e-01,1.280830666666666617e-01,1.283230958333333449e-01,1.281379166666666569e-01,1.281379166666666569e-01,0.000000000000000000e+00
1.080484666666666621e-01,1.080484666666666621e-01,1.080484666666666621e-01,1.080484666666666621e-01,1.080484666666666621e-01,1.080484666666666621e-01,1.080484666666666621e-01,1.080484666666666621e-01,1.080484666666666621e-01,5.070141666666666547e-02,1.080484666666666621e-01,1.041130666666666704e-01,1.089650333333333360e-01,1.089650333333333360e-01,1.080484666666666621e-01,1.080484666666666621e-01,1.080484666666666621e-01,1.080484666666666621e-01,1.080484666666666621e-01,1.080484666666666621e-01,1.080484666666666621e-01,1.080484666666666621e-01,1.080484666666666621e-01,1.080484666666666621e-01,1.080484666666666621e-01,1.080484666666666621e-01,1.080484666666666621e-01,1.080484666666666621e-01,1.080484666666666621e-01,1.080484666666666621e-01,1.080484666666666621e-01,1.080484666666666621e-01,1.080484666666666621e-01,1.080484666666666621e-01,1.080484666666666621e-01,1.080484666666666621e-01,1.080484666666666621e-01,1.080484666666666621e-01,1.080484666666666621e-01,1.080484666666666621e-01,1.080484666666666621e-01,1.080484666666666621e-01,1.080484666666666621e-01,1.080484666666666621e-01,1.080484666666666621e-01,1.080484666666666621e-01,1.080484666666666621e-01,1.080484666666666621e-01,1.080484666666666621e-01,1.080484666666666621e-01,1.080484666666666621e-01,1.080484666666666621e-01,1.080484666666666621e-01,1.080484666666666621e-01,1.080484666666666621e-01,1.080484666666666621e-01,1.080484666666666621e-01,1.080484666666666621e-01,1.080484666666666621e-01,1.080484666666666621e-01,1.080484666666666621e-01,1.080484666666666621e-01,1.080484666666666621e-01,1.080484666666666621e-01,0.000000000000000000e+00
1.332512166666666720e-01,1.332512166666666720e-01,1.332512166666666720e-01,1.332512166666666720e-01,1.332512166666666720e-01,1.332512166666666720e-01,1.332512166666666720e-01,1.332512166666666720e-01,1.332512166666666720e-01,5.070141666666666547e-02,1.080484666666666621e-01,1.041130666666666704e-01,1.376434166666666570e-01,1.080484666666666621e-01,1.707878916666666635e-01,1.699106250000000096e-01,1.687672500000000075e-01,1.594674416666666539e-01,1.671483083333333286e-01,1.571082333333333469e-01,1.568104666666666758e-01,1.568364499999999884e-01,1.450940666666666601e-01,1.627454999999999874e-01,1.427614999999999856e-01,1.430055166666666655e-01,1.426355833333333434e-01,1.430055166666666655e-01,1.427656666666666518e-01,1.429223000000000021e-01,1.332512166666666720e-01,1.332512166666666720e-01,1.332512166666666720e-01,1.332512166666666720e-01,1.332512166666666720e-01,1.332512166666666720e-01,1.328436000000000061e-01,1.328436000000000061e-01,1.328436000000000061e-01,1.328436000000000061e-01,1.328436000000000061e-01,1.328436000000000061e-01,1.328436000000000061e-01,1.333631333333333280e-01,1.332512166666666720e-01,1.403994500000000090e-01,1.335426333333333271e-01,1.335658499999999860e-01,1.334208416666666785e-01,1.327960166666666553e-01,1.332512166666666720e-01,1.332512166666666720e-01,1.327960166666666553e-01,1.327960166666666553e-01,1.328436000000000061e-01,1.329192666666666744e-01,1.332148833333333393e-01,1.332148833333333393e-01,1.332148833333333393e-01,1.333248583333333237e-01,1.334549416666666599e-01,1.366268583333333231e-01,1.338838166666666551e-01,1.338838166666666551e-01,0.000000000000000000e+00
1.315364499999999992e-01,1.315364499999999992e-01,1.315364499999999992e-01,1.315364499999999992e-01,1.315364499999999992e-01,1.315364499999999992e-01,1.315364499999999992e-01,1.315364499999999992e-01,1.315364499999999992e-01,5.070141666666666547e-02,1.080484666666666621e-01,1.041130666666666704e-01,1.390977499999999922e-01,1.080484666666666621e-01,1.699106250000000096e-01,1.711553875000000058e-01,1.698936749999999940e-01,1.577526750000000089e-01,1.650144000000000055e-01,1.549743249999999961e-01,1.547285250000000056e-01,1.547285250000000056e-01,1.430130749999999895e-01,1.606115916666666643e-01,1.416505833333333297e-01,1.417764999999999997e-01,1.415246666666666597e-01,1.417764999999999997e-01,1.416547499999999959e-01,1.417815583333333351e-01,1.315364499999999992e-01,1.315364499999999992e-01,1.315364499999999992e-01,1.315364499999999992e-01,1.315364499999999992e-01,1.315364499999999992e-01,1.316711333333333289e-01,1.316711333333333289e-01,1.316711333333333289e-01,1.316711333333333289e-01,1.316711333333333289e-01,1.316711333333333289e-01,1.316711333333333289e-01,1.316483666666666552e-01,1.315364499999999992e-01,1.392288833333333309e-01,1.319478666666666633e-01,1.319710833333333222e-01,1.317660750000000103e-01,1.311993499999999924e-01,1.315364499999999992e-01,1.315364499999999992e-01,1.311993499999999924e-01,1.311993499999999924e-01,1.316711333333333289e-01,1.315347000000000044e-01,1.316182166666666764e-01,1.316182166666666764e-01,1.316182166666666764e-01,1.317281916666666608e-01,1.317992249999999921e-01,1.352078833333333341e-01,1.322229166666666622e-01,1.322229166666666622e-01,0.000000000000000000e+00
1.319176916666666699e-01,1.319176916666666699e-01,1.319176916666666699e-01,1.319176916666666699e-01,1.319176916666666699e-01,1.319176916666666699e-01,1.319176916666666699e-01,1.319176916666666699e-01,1.319176916666666699e-01,5.070141666666666547e-02,1.080484666666666621e-01,1.041130666666666704e-01,1.392031125000000036e-01,1.080484666666666621e-01,1.687672500000000075e-01,1.698936749999999940e-01,1.696434708333333374e-01,1.579244833333333375e-01,1.647539666666666680e-01,1.538309499999999941e-01,1.535591666666666633e-01,1.535721583333333473e-01,1.427426666666666566e-01,1.594682166666666623e-01,1.407334500000000099e-01,1.408554583333333221e-01,1.406704916666666749e-01,1.408554583333333221e-01,1.406746583333333411e-01,1.407834125000000103e-01,1.319176916666666699e-01,1.319176916666666699e-01,1.319176916666666699e-01,1.319176916666666699e-01,1.319176916666666699e-01,1.319176916666666699e-01,1.318257999999999930e-01,1.318257999999999930e-01,1.318257999999999930e-01,1.318257999999999930e-01,1.318257999999999930e-01,1.318257999999999930e-01,1.318257999999999930e-01,1.320296083333333259e-01,1.319176916666666699e-01,1.383880499999999847e-01,1.322301666666666764e-01,1.322417750000000058e-01,1.321143291666666553e-01,1.316920333333333193e-01,1.319176916666666699e-01,1.319176916666666699e-01,1.316920333333333193e-01,1.316920333333333193e-01,1.318257999999999930e-01,1.317536583333333289e-01,1.319014666666666613e-01,1.319014666666666613e-01,1.319014666666666613e-01,1.320114416666666735e-01,1.321314708333333199e-01,1.352647624999999965e-01,1.324007583333333404e-01,1.324007583333333404e-01,0.000000000000000000e+00
1.347578166666666688e-01,1.347578166666666688e-01,1.347578166666666688e-01,1.347578166666666688e-01,1.347578166666666688e-01,1.347578166666666688e-01,1.347578166666666688e-01,1.347578166666666688e-01,1.347578166666666688e-01,5.070141666666666547e-02,1.080484666666666621e-01,1.041130666666666704e-01,1.363998083333333444e-01,1.080484666666666621e-01,1.594674416666666539e-01,1.577526750000000089e-01,1.579244833333333375e-01,1.565040208333333405e-01,1.588503833333333171e-01,1.470444250000000064e-01,1.467466583333333352e-01,1.467726416666666756e-01,1.412661625000000143e-01,1.526816916666666746e-01,1.398876083333333298e-01,1.401316250000000097e-01,1.397616916666666598e-01,1.401316250000000097e-01,1.398917749999999960e-01,1.400484083333333463e-01,1.347578166666666688e-01,1.347578166666666688e-01,1.347578166666666688e-01,1.347578166666666688e-01,1.347578166666666688e-01,1.347578166666666688e-01,1.343502000000000030e-01,1.343502000000000030e-01,1.343502000000000030e-01,1.343502000000000030e-01,1.343502000000000030e-01,1.343502000000000030e-01,1.343502000000000030e-01,1.348697333333333248e-01,1.347578166666666688e-01,1.375255583333333254e-01,1.350492333333333239e-01,1.350724499999999828e-01,1.349274416666666754e-01,1.343026166666666521e-01,1.347578166666666688e-01,1.347578166666666688e-01,1.343026166666666521e-01,1.343026166666666521e-01,1.343502000000000030e-01,1.344258666666666713e-01,1.347214833333333361e-01,1.347214833333333361e-01,1.347214833333333361e-01,1.348314583333333205e-01,1.349615416666666567e-01,1.368261541666666581e-01,1.353904166666666520e-01,1.353904166666666520e-01,0.000000000000000000e+00
1.389938000000000007e-01,1.389938000000000007e-01,1.389938000000000007e-01,1.389938000000000007e-01,1.389938000000000007e-01,1.389938000000000007e-01,1.389938000000000007e-01,1.389938000000000007e-01,1.389938000000000007e-01,5.070141666666666547e-02,1.080484666666666621e-01,1.041130666666666704e-01,1.353510791666666657e-01,1.080484666666666621e-01,1.671483083333333286e-01,1.650144000000000055e-01,1.647539666666666680e-01,1.588503833333333171e-01,1.794533291666666752e-01,1.676124416666666672e-01,1.668883500000000186e-01,1.669143333333333312e-01,1.546907166666666722e-01,1.728233833333333302e-01,1.458570583333333448e-01,1.461010749999999969e-01,1.457311416666666748e-01,1.461010749999999969e-01,1.458612250000000110e-01,1.460178583333333335e-01,1.389938000000000007e-01,1.389938000000000007e-01,1.389938000000000007e-01,1.389938000000000007e-01,1.389938000000000007e-01,1.389938000000000007e-01,1.377050416666666666e-01,1.377050416666666666e-01,1.377050416666666666e-01,1.377050416666666666e-01,1.377050416666666666e-01,1.377050416666666666e-01,1.377050416666666666e-01,1.388630375000000083e-01,1.388592166666666738e-01,1.434950083333333404e-01,1.391506333333333290e-01,1.394961333333333275e-01,1.391899833333333225e-01,1.384040166666666571e-01,1.389938000000000007e-01,1.388592166666666738e-01,1.384040166666666571e-01,1.384040166666666571e-01,1.377050416666666666e-01,1.379969000000000057e-01,1.388228833333333412e-01,1.385577000000000059e-01,1.388228833333333412e-01,1.388247625000000041e-01,1.388467499999999910e-01,1.425571416666666646e-01,1.403806999999999972e-01,1.403806999999999972e-01,0.000000000000000000e+00
1.427718583333333346e-01,1.427718583333333346e-01,1.427718583333333346e-01,1.427718583333333346e-01,1.427718583333333346e-01,1.427718583333333346e-01,1.427718583333333346e-01,1.427718583333333346e-01,1.427718583333333346e-01,5.070141666666666547e-02,1.080484666666666621e-01,1.041130666666666704e-01,1.294481000000000104e-01,1.080484666666666621e-01,1.571082333333333469e-01,1.549743249999999961e-01,1.538309499999999941e-01,1.470444250000000064e-01,1.676124416666666672e-01,1.777402166666666727e-01,1.775520083333333443e-01,1.775779916666666569e-01,1.612377000000000116e-01,1.745200166666666663e-01,1.534598166666666652e-01,1.548040583333333275e-01,1.544341250000000054e-01,1.548040583333333275e-01,1.525577916666666645e-01,1.526174083333333431e-01,1.427718583333333346e-01,1.427718583333333346e-01,1.427718583333333346e-01,1.427718583333333346e-01,1.427718583333333346e-01,1.427718583333333346e-01,1.426962750000000113e-01,1.426962749999999835e-01,1.426962749999999835e-01,1.426962750000000113e-01,1.426962750000000113e-01,1.427256000000000080e-01,1.426962750000000113e-01,1.426219250000000105e-01,1.426372750000000078e-01,1.499975416666666506e-01,1.430478916666666767e-01,1.433933916666666752e-01,1.430872416666666702e-01,1.423012750000000048e-01,1.427718583333333346e-01,1.426372750000000078e-01,1.423012750000000048e-01,1.423012750000000048e-01,1.426962750000000113e-01,1.432629750000000146e-01,1.427787916666666546e-01,1.431686916666666531e-01,1.427787916666666546e-01,1.426725749999999959e-01,1.425864666666666614e-01,1.462675083333333237e-01,1.448445583333333453e-01,1.448445583333333453e-01,0.000000000000000000e+00
1.456502333333333232e-01,1.456502333333333232e-01,1.456502333333333232e-01,1.456502333333333232e-01,1.456502333333333232e-01,1.456502333333333232e-01,1.457111333333333258e-01,1.457111333333333258e-01,1.457111333333333258e-01,5.070141666666666547e-02,1.080484666666666621e-01,1.041130666666666704e-01,1.293252000000000013e-01,1.080484666666666621e-01,1.568104666666666758e-01,1.547285250000000056e-01,1.535591666666666633e-01,1.467466583333333352e-01,1.668883500000000186e-01,1.775520083333333443e-01,1.910346666666666582e-01,1.904976666666666762e-01,1.656891249999999927e-01,1.750464916666666648e-01,1.636235249999999919e-01,1.660570499999999838e-01,1.656871166666666617e-01,1.649677666666666542e-01,1.627214999999999911e-01,1.627811166666666698e-01,1.459123833333333398e-01,1.456502333333333232e-01,1.459123833333333398e-01,1.457813083333333315e-01,1.456502333333333232e-01,1.456806833333333384e-01,1.444680999999999882e-01,1.444680999999999882e-01,1.444680999999999882e-01,1.444680999999999882e-01,1.444680999999999882e-01,1.444974250000000127e-01,1.444680999999999882e-01,1.455717749999999866e-01,1.457777999999999852e-01,1.618023833333333272e-01,1.448609833333333319e-01,1.452064833333333305e-01,1.449003333333333254e-01,1.441143666666666601e-01,1.459123833333333398e-01,1.457777999999999852e-01,1.435697250000000091e-01,1.430250833333333305e-01,1.444680999999999882e-01,1.450347999999999915e-01,1.432404499999999914e-01,1.442854333333333239e-01,1.432404499999999914e-01,1.431342333333333328e-01,1.430481249999999982e-01,1.522312999999999861e-01,1.477836166666666728e-01,1.477836166666666728e-01,0.000000000000000000e+00
1.456762166666666636e-01,1.456762166666666636e-01,1.456762166666666636e-01,1.456762166666666636e-01,1.456762166666666636e-01,1.456762166666666636e-01,1.457371166666666662e-01,1.457371166666666662e-01,1.457371166666666662e-01,5.070141666666666547e-02,1.080484666666666621e-01,1.041130666666666704e-01,1.293252000000000013e-01,1.080484666666666621e-01,1.568364499999999884e-01,1.547285250000000056e-01,1.535721583333333473e-01,1.467726416666666756e-01,1.669143333333333312e-01,1.775779916666666569e-01,1.904976666666666762e-01,1.902421583333333277e-01,1.651521250000000107e-01,1.750724750000000052e-01,1.636495083333333322e-01,1.660830333333333242e-01,1.657131000000000021e-01,1.649937499999999946e-01,1.627474833333333315e-01,1.628070999999999824e-01,1.459383666666666524e-01,1.456762166666666636e-01,1.459383666666666524e-01,1.458072916666666718e-01,1.456762166666666636e-01,1.457066666666666788e-01,1.444940833333333285e-01,1.444940833333333285e-01,1.444940833333333285e-01,1.444940833333333285e-01,1.444940833333333285e-01,1.445234083333333253e-01,1.444940833333333285e-01,1.455977583333333270e-01,1.458037833333333255e-01,1.618283666666666676e-01,1.448869666666666722e-01,1.452324666666666708e-01,1.449263166666666658e-01,1.441403500000000004e-01,1.459383666666666801e-01,1.458037833333333255e-01,1.435957083333333217e-01,1.430510666666666708e-01,1.444940833333333285e-01,1.450607833333333319e-01,1.432664333333333317e-01,1.443114166666666642e-01,1.432664333333333317e-01,1.431602166666666731e-01,1.430741083333333385e-01,1.516943000000000041e-01,1.472466166666666632e-01,1.472466166666666632e-01,0.000000000000000000e+00
1.578816749999999991e-01,1.578816749999999991e-01,1.578816749999999991e-01,1.578816749999999991e-01,1.578816749999999991e-01,1.578816749999999991e-01,1.579425750000000017e-01,1.579425750000000017e-01,1.579425750000000017e-01,5.070141666666666547e-02,1.080484666666666621e-01,1.041130666666666704e-01,1.288369208333333404e-01,1.080484666666666621e-01,1.450940666666666601e-01,1.430130749999999895e-01,1.427426666666666566e-01,1.412661625000000143e-01,1.546907166666666722e-01,1.612377000000000116e-01,1.656891249999999927e-01,1.651521250000000107e-01,1.692537291666666721e-01,1.579423291666666729e-01,1.537776583333333447e-01,1.573873499999999814e-01,1.551980500000000041e-01,1.562980666666666796e-01,1.535188333333333266e-01,1.534276166666666552e-01,1.581438250000000156e-01,1.578816749999999991e-01,1.581438250000000156e-01,1.580127499999999796e-01,1.578816749999999991e-01,1.579121249999999865e-01,1.560526333333333293e-01,1.560526333333333293e-01,1.560526333333333293e-01,1.560526333333333293e-01,1.560526333333333293e-01,1.560819583333333260e-01,1.560526333333333293e-01,1.578330166666666590e-01,1.580092416666666610e-01,1.541263499999999953e-01,1.592337333333333216e-01,1.599647166666666731e-01,1.598787958333333370e-01,1.582204666666666704e-01,1.581438250000000156e-01,1.580092416666666610e-01,1.576758249999999917e-01,1.571311833333333408e-01,1.560526333333333293e-01,1.565699500000000133e-01,1.573465500000000017e-01,1.570813666666666664e-01,1.573465500000000017e-01,1.572403333333333153e-01,1.570498375000000113e-01,1.634163333333333301e-01,1.641958083333333318e-01,1.647062666666666564e-01,0.000000000000000000e+00
1.400857249999999943e-01,1.400857249999999943e-01,1.400857249999999943e-01,1.400857249999999943e-01,1.400857249999999943e-01,1.400857249999999943e-01,1.400857249999999943e-01,1.400857249999999943e-01,1.400857249999999943e-01,5.070141666666666547e-02,1.080484666666666621e-01,1.041130666666666704e-01,1.322667333333333306e-01,1.080484666666666621e-01,1.627454999999999874e-01,1.606115916666666643e-01,1.594682166666666623e-01,1.526816916666666746e-01,1.728233833333333302e-01,1.745200166666666663e-01,1.750464916666666648e-01,1.750724750000000052e-01,1.579423291666666729e-01,1.764980124999999955e-01,1.516014291666666625e-01,1.523955583333333474e-01,1.520256249999999976e-01,1.523955583333333474e-01,1.511524999999999952e-01,1.512606250000000097e-01,1.400857249999999943e-01,1.400857249999999943e-01,1.400857249999999943e-01,1.400857249999999943e-01,1.400857249999999943e-01,1.400857249999999943e-01,1.412607083333333180e-01,1.412607083333333458e-01,1.412607083333333458e-01,1.412607083333333458e-01,1.412607083333333180e-01,1.412753708333333302e-01,1.412607083333333180e-01,1.398913291666666614e-01,1.399511416666666674e-01,1.486892666666666807e-01,1.403021583333333433e-01,1.406476583333333419e-01,1.403415083333333369e-01,1.395555416666666715e-01,1.400857249999999943e-01,1.399511416666666674e-01,1.395555416666666715e-01,1.395555416666666715e-01,1.412607083333333180e-01,1.417980833333333246e-01,1.400037333333333245e-01,1.410487166666666570e-01,1.400037333333333245e-01,1.398975166666666659e-01,1.398114083333333313e-01,1.436152208333333347e-01,1.420988250000000119e-01,1.420988250000000119e-01,0.000000000000000000e+00
